1692780717878 0.5988412789494089 0
1692780769007 0.14677082158588958 1
1692780820577 0.10310493736048636 2
1692780871687 0.09502352115402861 3
1692780922739 0.09713156878857351 4
1692780974258 0.0935787550559858 5
1692781025376 0.09039133720826811 6
1692781076835 0.08950110776577054 7
1692781128190 0.0917964864067915 8
1692781179298 0.09295346510664719 9
1692781231090 0.09158541861632206 10
1692781282569 0.08837289040347615 11
1692781334214 0.08956954920284667 12
1692781385741 0.09428881453123035 13
1692781436688 0.09109889209815641 14
1692781488179 0.09049755189476943 15
1692781539398 0.08989546541578886 16
1692781590755 0.0919010348762702 17
1692781641960 0.08763622786940597 18
1692781693338 0.08831202482986378 19
1692781744651 0.08912095523825506 20
1692781795738 0.09233997116183362 21
1692781847327 0.09001100572386703 22
1692781898702 0.08767241727924202 23
1692781949962 0.09162407138543885 24
1692782001567 0.09009281017067956 25
1692782053196 0.08458167344513463 26
1692782104296 0.09130830256858977 27
1692782155907 0.08802832783317392 28
1692782207583 0.0910271198750989 29
1692782258869 0.0865983810836395 30
1692782310375 0.09111802751035655 31
1692782361844 0.0889201951826491 32
1692782412748 0.08953261326362447 33
1692782465018 0.08777829884115049 34
1692782516704 0.09201270701743446 35
1692782568218 0.09730712080247772 36
1692782619783 0.08777216880681735 37
1692782671106 0.08761005005458507 38
1692782847014 0.09221839517718408 39
1692782897843 0.09444680586638092 40
1692782950015 0.09302695008227602 41
1692783002049 0.08728929781761852 42
1692783053904 0.08870380738008658 43
1692783106223 0.0905264866203793 44
1692783157853 0.0948207435538856 45
1692783209469 0.08527649869097442 46
1692783261167 0.09052013432289042 47
1692783312599 0.09285357045190572 48
1692783363903 0.09511023884018262 49
1692783415199 0.09284701523845833 50
1692783466584 0.09192728084943644 51
1692783518512 0.08642021556634728 52
1692783569923 0.08750266188346759 53
1692783622327 0.0911801348178132 54
1692783673830 0.08599175125723932 55
1692783725208 0.09270717266311006 56
1692783777577 0.08546349868286872 57
1692783829253 0.08843760020596889 58
1692783880957 0.0975167260119101 59
1692783932527 0.0899651442540855 60
1692783984042 0.0876889857259102 61
1692784035554 0.08914924203986074 62
1692784087572 0.09229376497090731 63
1692784139470 0.086790977497992 64
1692784191112 0.08795736487500551 65
1692784242700 0.08626120671084742 66
1692784294637 0.09201388328177174 67
1692784346186 0.08432436064794296 68
1692784398071 0.0903545156121254 69
1692784449817 0.08670356808820875 70
1692784501735 0.09006640071826942 71
1692784553404 0.09079346955731148 72
1692784605191 0.08587435494835784 73
1692784656378 0.08703614665967663 74
1692784708222 0.08882927567493624 75
1692784760069 0.09656966116006781 76
1692784811448 0.09277846440672874 77
1692784863170 0.08925932003866609 78
1692785083024 0.08790838897409962 79
1692785132550 0.08635743585210748 80
1692785183728 0.08626630365866803 81
1692785234920 0.0906619296190055 82
1692785286544 0.09276965861095161 83
1692785338220 0.08933346262883123 84
1692785389731 0.0922260487406719 85
1692785441237 0.08854115990603842 86
1692785492985 0.0867673051066515 87
1692785544269 0.08569828763422442 88
1692785596158 0.09079693393191186 89
1692785647380 0.08667924321461015 90
1692785698548 0.08646699730761168 91
1692785750374 0.09761253989233476 92
1692785801490 0.08773358864482583 93
1692785853575 0.08748746601846612 94
1692785905504 0.0937925036182826 95
1692785957444 0.0839439566310459 96
1692786009009 0.08324090856154567 97
1692786060518 0.0848100101893268 98
1692786112087 0.09077612168905212 99
1692786163653 0.09094900712736097 100
1692786214999 0.08848932002643671 101
1692786266714 0.09313000193456324 102
1692786318519 0.09103906743264603 103
1692786370026 0.09138752907605432 104
1692786421435 0.0893487050129873 105
1692786472942 0.08938049922992543 106
1692786524596 0.0848514765591883 107
1692786576047 0.08783710805199495 108
1692786628132 0.08648411700013661 109
1692786679416 0.08563309358205737 110
1692786731351 0.08575033687633797 111
1692786782947 0.08971234720836326 112
1692786834291 0.08605563794149132 113
1692786885900 0.08728982893432059 114
1692786937465 0.0850749155915365 115
1692786988791 0.08782872491311736 116
1692787040199 0.0896773232192528 117
1692787092331 0.08860899756201407 118
1692787265183 0.08701148249425934 119
1692787315232 0.08917050185136316 120
1692787366689 0.08659775023598497 121
1692787417998 0.0898812159532454 122
1692787469980 0.08666899029020834 123
1692787521377 0.08962521402210724 124
1692787572788 0.0852638751540969 125
1692787624142 0.09096977955593569 126
1692787676216 0.0879314795895977 127
1692787727837 0.08684620354324579 128
1692787779442 0.08448140079933174 129
