1692780717878 5.298063612678676 0
1692780769007 2.5715347158098685 1
1692780820577 2.4467974692872425 2
1692780871687 2.4382217616569704 3
1692780922739 2.438727978962224 4
1692780974258 2.4398013510355137 5
1692781025376 2.444672082110149 6
1692781076835 2.4323435062315406 7
1692781128190 2.4361124469012747 8
1692781179298 2.4394340910562655 9
1692781231090 2.436384172115511 10
1692781282569 2.4327762717182195 11
1692781334214 2.4389385818277747 12
1692781385741 2.438239191799629 13
1692781436688 2.433986019506687 14
1692781488179 2.4396399846891077 15
1692781539398 2.432509513017608 16
1692781590755 2.439230343670521 17
1692781641960 2.4337418672515123 18
1692781693338 2.4357677075921034 19
1692781744651 2.4327192562382396 20
1692781795738 2.4381439208984377 21
1692781847327 2.4370631025832834 22
1692781898702 2.440126908697733 23
1692781949962 2.445624099126676 24
1692782001567 2.438011880037261 25
1692782053196 2.4318559134878766 26
1692782104296 2.437097238912815 27
1692782155907 2.4293439990108454 28
1692782207583 2.430712107315804 29
1692782258869 2.432802541742047 30
1692782310375 2.436712565931302 31
1692782361844 2.439318052152308 32
1692782412748 2.4337772287973545 33
1692782465018 2.4337501076684482 34
1692782516704 2.4373489120631544 35
1692782568218 2.4395939470494836 36
1692782619783 2.4355850393332323 37
1692782671106 2.434671150765768 38
1692782847014 2.4390202429236436 39
1692782897843 2.433679146674073 40
1692782950015 2.4366745520563957 41
1692783002049 2.434434111835887 42
1692783053904 2.4363765242030317 43
1692783106223 2.4388633931724772 44
1692783157853 2.440860982057525 45
1692783209469 2.4390984872492347 46
1692783261167 2.4405854039075896 47
1692783312599 2.4400265263122263 48
1692783363903 2.4412684288679385 49
1692783415199 2.433756042929257 50
1692783466584 2.4347014310883313 51
1692783518512 2.4402209130729116 52
1692783569923 2.436719067503766 53
1692783622327 2.4448401789063388 54
1692783673830 2.434822573312899 55
1692783725208 2.4379898001508016 56
1692783777577 2.4387061503327008 57
1692783829253 2.439230423529171 58
1692783880957 2.4525639789860425 59
1692783932527 2.4277621594870964 60
1692783984042 2.4385705471038817 61
1692784035554 2.4400237129955755 62
1692784087572 2.4388768071109808 63
1692784139470 2.4355516445289536 64
1692784191112 2.438010237856609 65
1692784242700 2.4348413630229673 66
1692784294637 2.4392171534096323 67
1692784346186 2.437607760545684 68
1692784398071 2.441934497181962 69
1692784449817 2.4394104550524456 70
1692784501735 2.4344699834156964 71
1692784553404 2.4414759845268437 72
1692784605191 2.4357565775150207 73
1692784656378 2.443183269733336 74
1692784708222 2.4368645458686644 75
1692784760069 2.436675818373517 76
1692784811448 2.438061067534656 77
1692784863170 2.4422166963902914 78
1692785083024 2.4334304262952107 79
1692785132550 2.434442605041876 80
1692785183728 2.4381941755612693 81
1692785234920 2.439347222739575 82
1692785286544 2.4358465136551275 83
1692785338220 2.43280150599596 84
1692785389731 2.441461280497109 85
1692785441237 2.4420929013228996 86
1692785492985 2.4377196777157666 87
1692785544269 2.4356013926064097 88
1692785596158 2.4439943127515837 89
1692785647380 2.432604395470968 90
1692785698548 2.435175568883012 91
1692785750374 2.4379322726552077 92
1692785801490 2.4343540912721213 93
1692785853575 2.4309991771735033 94
1692785905504 2.4392859195042584 95
1692785957444 2.441300396780366 96
1692786009009 2.429052800808138 97
1692786060518 2.4391895503532597 98
1692786112087 2.4343237865261917 99
1692786163653 2.4417945064750373 100
1692786214999 2.437916520763846 101
1692786266714 2.4333546417515453 102
1692786318519 2.435168476938044 103
1692786370026 2.43708857675878 104
1692786421435 2.4290712240265635 105
1692786472942 2.432828089086021 106
1692786524596 2.431759231846507 107
1692786576047 2.437186278366461 108
1692786628132 2.4308701189552866 109
1692786679416 2.4327378238119732 110
1692786731351 2.4326967579647176 111
1692786782947 2.4350089305784643 112
1692786834291 2.4341846652147248 113
1692786885900 2.433639271666364 114
1692786937465 2.4317189158462895 115
1692786988791 2.4318980205349807 116
1692787040199 2.4265088209291785 117
1692787092331 2.432423481663454 118
1692787265183 2.4363235640294345 119
1692787315232 2.4357072318472515 120
1692787366689 2.439310734446456 121
1692787417998 2.440270841412428 122
1692787469980 2.431271416469685 123
1692787521377 2.4408170409318877 124
1692787572788 2.435641526012886 125
1692787624142 2.432853141645106 126
1692787676216 2.438490029677604 127
1692787727837 2.4383418073931944 128
1692787779442 2.429445501670097 129
