1692780717878 5.582493291317838 0
1692780769007 3.4836888058671676 1
1692780820577 3.5009169347077895 2
1692780871687 3.5235871698798205 3
1692780922739 3.5351497405912817 4
1692780974258 3.5406585460755884 5
1692781025376 3.552291522374967 6
1692781076835 3.554964157430137 7
1692781128190 3.549145561311303 8
1692781179298 3.554112526265586 9
1692781231090 3.5635375189549716 10
1692781282569 3.550017220302693 11
1692781334214 3.552973518093813 12
1692781385741 3.545670659367631 13
1692781436688 3.552342586982541 14
1692781488179 3.550769149966356 15
1692781539398 3.5561107856471366 16
1692781590755 3.5507903828204257 17
1692781641960 3.551814771280056 18
1692781693338 3.547464304435544 19
1692781744651 3.5618798628086 20
1692781795738 3.550612424059612 21
1692781847327 3.5555349461083274 22
1692781898702 3.5671965331566042 23
1692781949962 3.5588735836308176 24
1692782001567 3.5658997198430504 25
1692782053196 3.56680183643248 26
1692782104296 3.562533603063444 27
1692782155907 3.541222329278594 28
1692782207583 3.5463128367674 29
1692782258869 3.5661850959351917 30
1692782310375 3.557203363446356 31
1692782361844 3.5573787607797764 32
1692782412748 3.5499039184756396 33
1692782465018 3.563757586594365 34
1692782516704 3.553713789263975 35
1692782568218 3.543294131177143 36
1692782619783 3.553097695980257 37
1692782671106 3.5546997989096294 38
1692782847014 3.5593458373372147 39
1692782897843 3.543236554247662 40
1692782950015 3.551676656435994 41
1692783002049 3.559891951894297 42
1692783053904 3.556331528043284 43
1692783106223 3.558722500662202 44
1692783157853 3.5488571643829347 45
1692783209469 3.5772908431727712 46
1692783261167 3.5525253795995946 47
1692783312599 3.5487079446755567 48
1692783363903 3.54186428528206 49
1692783415199 3.557643079290203 50
1692783466584 3.5564565077060606 51
1692783518512 3.5757531584762945 52
1692783569923 3.5746908955457735 53
1692783622327 3.5609075455989654 54
1692783673830 3.566923049601113 55
1692783725208 3.554843222222677 56
1692783777577 3.579702372689849 57
1692783829253 3.568865590882533 58
1692783880957 3.53402362335019 59
1692783932527 3.546235162455861 60
1692783984042 3.556922559040349 61
1692784035554 3.560295819073189 62
1692784087572 3.563448131663128 63
1692784139470 3.571133905244105 64
1692784191112 3.548158970111754 65
1692784242700 3.562867376280994 66
1692784294637 3.548148873957192 67
1692784346186 3.578426041254183 68
1692784398071 3.560295589958749 69
1692784449817 3.5706724922831468 70
1692784501735 3.5605703499710675 71
1692784553404 3.5524071530597965 72
1692784605191 3.570970992344182 73
1692784656378 3.5848260542241537 74
1692784708222 3.5709275955107156 75
1692784760069 3.540848499391137 76
1692784811448 3.5460506218235666 77
1692784863170 3.559996825892751 78
1692785083024 3.5612534743983573 79
1692785132550 3.57278656378025 80
1692785183728 3.582370028776281 81
1692785234920 3.558732482732511 82
1692785286544 3.5474530638718025 83
1692785338220 3.55427743167412 84
1692785389731 3.5673744597086094 85
1692785441237 3.569033859997261 86
1692785492985 3.558093633884337 87
1692785544269 3.5776636902878924 88
1692785596158 3.5636547367747236 89
1692785647380 3.5707817531213526 90
1692785698548 3.5808371939310213 91
1692785750374 3.5456769431509625 92
1692785801490 3.5626848779073574 93
1692785853575 3.5663558314147505 94
1692785905504 3.5545270315651756 95
1692785957444 3.5818515726663533 96
1692786009009 3.57787262004556 97
1692786060518 3.5758830407770668 98
1692786112087 3.561794228670074 99
1692786163653 3.555116072589276 100
1692786214999 3.5751927004140964 101
1692786266714 3.553526772522345 102
1692786318519 3.5553463049305294 103
1692786370026 3.5539704683350353 104
1692786421435 3.5394974278240667 105
1692786472942 3.5742957580380326 106
1692786524596 3.563854871145109 107
1692786576047 3.5644623919231138 108
1692786628132 3.5547017783653447 109
1692786679416 3.567665979338855 110
1692786731351 3.5706516064486458 111
1692786782947 3.553293537512058 112
1692786834291 3.5784278637025415 113
1692786885900 3.5488707286555594 114
1692786937465 3.5841921573731956 115
1692786988791 3.5766136960285464 116
1692787040199 3.5528417843144116 117
1692787092331 3.558992889320966 118
1692787265183 3.564628693663958 119
1692787315232 3.5783363121311837 120
1692787366689 3.5650378145822663 121
1692787417998 3.5601074358312097 122
1692787469980 3.575236335541438 123
1692787521377 3.558025806706126 124
1692787572788 3.570336409312923 125
1692787624142 3.5678342237705136 126
1692787676216 3.5674155186680916 127
1692787727837 3.567685288132973 128
1692787779442 3.5785673567392293 129
