1692780717878 8.422749519348145 0
1692780769007 5.575756072998047 1
1692780820577 4.620689392089844 2
1692780871687 4.386429309844971 3
1692780922739 4.279508113861084 4
1692780974258 4.219420909881592 5
1692781025376 4.205488204956055 6
1692781076835 4.164093017578125 7
1692781128190 4.162329196929932 8
1692781179298 4.171640872955322 9
1692781231090 4.139516353607178 10
1692781282569 4.1256303787231445 11
1692781334214 4.134101390838623 12
1692781385741 4.1664299964904785 13
1692781436688 4.139580726623535 14
1692781488179 4.1453375816345215 15
1692781539398 4.1320414543151855 16
1692781590755 4.126201629638672 17
1692781641960 4.127017498016357 18
1692781693338 4.134049415588379 19
1692781744651 4.1314697265625 20
1692781795738 4.143289566040039 21
1692781847327 4.125113010406494 22
1692781898702 4.125747203826904 23
1692781949962 4.13699197769165 24
1692782001567 4.128116607666016 25
1692782053196 4.1055450439453125 26
1692782104296 4.119152069091797 27
1692782155907 4.111760139465332 28
1692782207583 4.113406181335449 29
1692782258869 4.099624156951904 30
1692782310375 4.121161460876465 31
1692782361844 4.1231818199157715 32
1692782412748 4.124715328216553 33
1692782465018 4.091485023498535 34
1692782516704 4.119898319244385 35
1692782568218 4.129914283752441 36
1692782619783 4.103099822998047 37
1692782671106 4.119398593902588 38
1692782847014 4.12691068649292 39
1692782897843 4.118636608123779 40
1692782950015 4.118137359619141 41
1692783002049 4.098270893096924 42
1692783053904 4.102355480194092 43
1692783106223 4.109004020690918 44
1692783157853 4.128049373626709 45
1692783209469 4.083314418792725 46
1692783261167 4.116087913513184 47
1692783312599 4.118174076080322 48
1692783363903 4.145257949829102 49
1692783415199 4.120182037353516 50
1692783466584 4.114810466766357 51
1692783518512 4.102845191955566 52
1692783569923 4.091903209686279 53
1692783622327 4.108869552612305 54
1692783673830 4.093878746032715 55
1692783725208 4.115445613861084 56
1692783777577 4.079771995544434 57
1692783829253 4.090033054351807 58
1692783880957 4.149867057800293 59
1692783932527 4.092455863952637 60
1692783984042 4.096532821655273 61
1692784035554 4.107080459594727 62
1692784087572 4.091660499572754 63
1692784139470 4.088851451873779 64
1692784191112 4.108762741088867 65
1692784242700 4.085649490356445 66
1692784294637 4.113863468170166 67
1692784346186 4.076144695281982 68
1692784398071 4.100449085235596 69
1692784449817 4.088080406188965 70
1692784501735 4.094066143035889 71
1692784553404 4.110957145690918 72
1692784605191 4.088040828704834 73
1692784656378 4.084685802459717 74
1692784708222 4.084362983703613 75
1692784760069 4.1300272941589355 76
1692784811448 4.100545883178711 77
1692784863170 4.109101295471191 78
1692785083024 4.085925579071045 79
1692785132550 4.075988292694092 80
1692785183728 4.076557159423828 81
1692785234920 4.100045204162598 82
1692785286544 4.112863063812256 83
1692785338220 4.103438377380371 84
1692785389731 4.0986552238464355 85
1692785441237 4.087496757507324 86
1692785492985 4.092595100402832 87
1692785544269 4.074571132659912 88
1692785596158 4.096738815307617 89
1692785647380 4.076507568359375 90
1692785698548 4.067359447479248 91
1692785750374 4.11140775680542 92
1692785801490 4.079122543334961 93
1692785853575 4.070840358734131 94
1692785905504 4.098296165466309 95
1692785957444 4.063743591308594 96
1692786009009 4.0430216789245605 97
1692786060518 4.075834274291992 98
1692786112087 4.090455532073975 99
1692786163653 4.103478908538818 100
1692786214999 4.083787441253662 101
1692786266714 4.0846452713012695 102
1692786318519 4.077040195465088 103
1692786370026 4.093388557434082 104
1692786421435 4.082369804382324 105
1692786472942 4.069960117340088 106
1692786524596 4.067981243133545 107
1692786576047 4.0706257820129395 108
1692786628132 4.0780558586120605 109
1692786679416 4.065235614776611 110
1692786731351 4.053744316101074 111
1692786782947 4.076854228973389 112
1692786834291 4.0518035888671875 113
1692786885900 4.0735392570495605 114
1692786937465 4.050500869750977 115
1692786988791 4.062873840332031 116
1692787040199 4.062505722045898 117
1692787092331 4.068208694458008 118
1692787265183 4.06667423248291 119
1692787315232 4.080068588256836 120
1692787366689 4.059703350067139 121
1692787417998 4.079639911651611 122
1692787469980 4.0524492263793945 123
1692787521377 4.078205585479736 124
1692787572788 4.0624847412109375 125
1692787624142 4.0674943923950195 126
1692787676216 4.06073522567749 127
1692787727837 4.051212787628174 128
1692787779442 4.0362348556518555 129
