1692780717878 15.773487484570845 0
1692780769007 12.085367512934416 1
1692780820577 11.839212005578199 2
1692780871687 11.842232438994618 3
1692780922739 11.825292452370249 4
1692780974258 11.828857933602682 5
1692781025376 11.842400825314405 6
1692781076835 11.836626280807867 7
1692781128190 11.835069847106933 8
1692781179298 11.835007979230182 9
1692781231090 11.84151827710346 10
1692781282569 11.836376875349618 11
1692781334214 11.834260709077409 12
1692781385741 11.827803434976717 13
1692781436688 11.837119460687404 14
1692781488179 11.83024590655071 15
1692781539398 11.832622388514077 16
1692781590755 11.836087500007407 17
1692781641960 11.831429621068443 18
1692781693338 11.831012148973418 19
1692781744651 11.838269196487055 20
1692781795738 11.828840437168028 21
1692781847327 11.832529591125192 22
1692781898702 11.836399138846048 23
1692781949962 11.837555308458281 24
1692782001567 11.830294115950421 25
1692782053196 11.833343482599027 26
1692782104296 11.837902152829054 27
1692782155907 11.834266630191248 28
1692782207583 11.835900334478582 29
1692782258869 11.83969890724108 30
1692782310375 11.841141834999751 31
1692782361844 11.83143732024402 32
1692782412748 11.835363690446062 33
1692782465018 11.843022374139316 34
1692782516704 11.83632019654061 35
1692782568218 11.836680940053995 36
1692782619783 11.829588223429559 37
1692782671106 11.829549928990806 38
1692782847014 11.83571807116997 39
1692782897843 11.835245382438586 40
1692782950015 11.836816167368472 41
1692783002049 11.833369690237694 42
1692783053904 11.835319069982733 43
1692783106223 11.835902329787467 44
1692783157853 11.830865306389041 45
1692783209469 11.845669811527904 46
1692783261167 11.835330335105338 47
1692783312599 11.834712172017515 48
1692783363903 11.832227720933801 49
1692783415199 11.831782093235091 50
1692783466584 11.835004466917457 51
1692783518512 11.842269097304925 52
1692783569923 11.840298889904487 53
1692783622327 11.840601050737993 54
1692783673830 11.840513210761838 55
1692783725208 11.835417407896461 56
1692783777577 11.843930786095777 57
1692783829253 11.84242466121044 58
1692783880957 11.826325235134219 59
1692783932527 11.833371943962284 60
1692783984042 11.838477018402845 61
1692784035554 11.841314911260838 62
1692784087572 11.847078624280911 63
1692784139470 11.840515752440517 64
1692784191112 11.834151500608863 65
1692784242700 11.845552788711176 66
1692784294637 11.832182088712367 67
1692784346186 11.848012859065358 68
1692784398071 11.835523526261493 69
1692784449817 11.84675232957049 70
1692784501735 11.834241718921847 71
1692784553404 11.832335983834616 72
1692784605191 11.843886756896973 73
1692784656378 11.843842887878418 74
1692784708222 11.845839021264053 75
1692784760069 11.822868016871011 76
1692784811448 11.829050403688012 77
1692784863170 11.840370061920911 78
1692785083024 11.837925813256241 79
1692785132550 11.839723717294088 80
1692785183728 11.84406290802301 81
1692785234920 11.829972631791058 82
1692785286544 11.83630656265631 83
1692785338220 11.826995803088677 84
1692785389731 11.843887343057771 85
1692785441237 11.839125614631467 86
1692785492985 11.82398455550031 87
1692785544269 11.844813216604837 88
1692785596158 11.834046912774808 89
1692785647380 11.833458714368867 90
1692785698548 11.840251015453804 91
1692785750374 11.83507675543064 92
1692785801490 11.833361044162658 93
1692785853575 11.84311057525931 94
1692785905504 11.836787774724868 95
1692785957444 11.844766348311044 96
1692786009009 11.846203604948174 97
1692786060518 11.835381065926901 98
1692786112087 11.835134794653916 99
1692786163653 11.830732093137854 100
1692786214999 11.843770807864619 101
1692786266714 11.833245900782144 102
1692786318519 11.83723899693165 103
1692786370026 11.8324908605436 104
1692786421435 11.825449134082328 105
1692786472942 11.829800670902904 106
1692786524596 11.832328507958389 107
1692786576047 11.833196063157988 108
1692786628132 11.823748960727599 109
1692786679416 11.833255423569097 110
1692786731351 11.840318809435205 111
1692786782947 11.834726515048887 112
1692786834291 11.840867126278761 113
1692786885900 11.832572402023688 114
1692786937465 11.836908303237543 115
1692786988791 11.836283953596906 116
1692787040199 11.834331265891471 117
1692787092331 11.83149847938019 118
1692787265183 11.830654940558869 119
1692787315232 11.832419479184034 120
1692787366689 11.837806990088486 121
1692787417998 11.839111463035024 122
1692787469980 11.838877307558523 123
1692787521377 11.83261972753013 124
1692787572788 11.838404646152403 125
1692787624142 11.833588097735149 126
1692787676216 11.830370000265177 127
1692787727837 11.830814171763299 128
1692787779442 11.838728451034397 129
