1692780717878 0.01 0
1692780769007 0.01 1
1692780820577 0.001 2
1692780871687 0.001 3
1692780922739 0.0001 4
1692780974258 1e-05 5
1692781025376 1e-05 6
1692781076835 1e-05 7
1692781128190 1e-05 8
1692781179298 1e-05 9
1692781231090 1e-05 10
1692781282569 1e-05 11
1692781334214 1e-05 12
1692781385741 1e-05 13
1692781436688 1e-05 14
1692781488179 1e-05 15
1692781539398 1e-05 16
1692781590755 1e-05 17
1692781641960 1e-05 18
1692781693338 1e-05 19
1692781744651 1e-05 20
1692781795738 1e-05 21
1692781847327 1e-05 22
1692781898702 1e-05 23
1692781949962 1e-05 24
1692782001567 1e-05 25
1692782053196 1e-05 26
1692782104296 1e-05 27
1692782155907 1e-05 28
1692782207583 1e-05 29
1692782258869 1e-05 30
1692782310375 1e-05 31
1692782361844 1e-05 32
1692782412748 1e-05 33
1692782465018 1e-05 34
1692782516704 1e-05 35
1692782568218 1e-05 36
1692782619783 1e-05 37
1692782671106 1e-05 38
1692782847014 1e-05 39
1692782897843 1e-05 40
1692782950015 1e-05 41
1692783002049 1e-05 42
1692783053904 1e-05 43
1692783106223 1e-05 44
1692783157853 1e-05 45
1692783209469 1e-05 46
1692783261167 1e-05 47
1692783312599 1e-05 48
1692783363903 1e-05 49
1692783415199 1e-05 50
1692783466584 1e-05 51
1692783518512 1e-05 52
1692783569923 1e-05 53
1692783622327 1e-05 54
1692783673830 1e-05 55
1692783725208 1e-05 56
1692783777577 1e-05 57
1692783829253 1e-05 58
1692783880957 1e-05 59
1692783932527 1e-05 60
1692783984042 1e-05 61
1692784035554 1e-05 62
1692784087572 1e-05 63
1692784139470 1e-05 64
1692784191112 1e-05 65
1692784242700 1e-05 66
1692784294637 1e-05 67
1692784346186 1e-05 68
1692784398071 1e-05 69
1692784449817 1e-05 70
1692784501735 1e-05 71
1692784553404 1e-05 72
1692784605191 1e-05 73
1692784656378 1e-05 74
1692784708222 1e-05 75
1692784760069 1e-05 76
1692784811448 1e-05 77
1692784863170 1e-05 78
1692785083024 1e-05 79
1692785132550 1e-05 80
1692785183728 1e-05 81
1692785234920 1e-05 82
1692785286544 1e-05 83
1692785338220 1e-05 84
1692785389731 1e-05 85
1692785441237 1e-05 86
1692785492985 1e-05 87
1692785544269 1e-05 88
1692785596158 1e-05 89
1692785647380 1e-05 90
1692785698548 1e-05 91
1692785750374 1e-05 92
1692785801490 1e-05 93
1692785853575 1e-05 94
1692785905504 1e-05 95
1692785957444 1e-05 96
1692786009009 1e-05 97
1692786060518 1e-05 98
1692786112087 1e-05 99
1692786163653 1e-05 100
1692786214999 1e-05 101
1692786266714 1e-05 102
1692786318519 1e-05 103
1692786370026 1e-05 104
1692786421435 1e-05 105
1692786472942 1e-05 106
1692786524596 1e-05 107
1692786576047 1e-05 108
1692786628132 1e-05 109
1692786679416 1e-05 110
1692786731351 1e-05 111
1692786782947 1e-05 112
1692786834291 1e-05 113
1692786885900 1e-05 114
1692786937465 1e-05 115
1692786988791 1e-05 116
1692787040199 1e-05 117
1692787092331 1e-05 118
1692787265183 1e-05 119
1692787315232 1e-05 120
1692787366689 1e-05 121
1692787417998 1e-05 122
1692787469980 1e-05 123
1692787521377 1e-05 124
1692787572788 1e-05 125
1692787624142 1e-05 126
1692787676216 1e-05 127
1692787727837 1e-05 128
1692787779442 1e-05 129
