1692780717878 5.9103219428108735 0
1692780769007 4.546139406926423 1
1692780820577 3.910609510338422 2
1692780871687 3.7993243589633847 3
1692780922739 3.742403900332567 4
1692780974258 3.7231550809813707 5
1692781025376 3.7315937484182964 6
1692781076835 3.7183405189979366 7
1692781128190 3.7190009006639806 8
1692781179298 3.7293278752303705 9
1692781231090 3.704837764929799 10
1692781282569 3.702509595352469 11
1692781334214 3.709217949978356 12
1692781385741 3.73014392038671 13
1692781436688 3.714527651158775 14
1692781488179 3.7230888262027646 15
1692781539398 3.7145595306303445 16
1692781590755 3.705856009015759 17
1692781641960 3.7144501790767763 18
1692781693338 3.720040163179723 19
1692781744651 3.7180568334532946 20
1692781795738 3.7186972187786567 21
1692781847327 3.7076700034650782 22
1692781898702 3.713744272836825 23
1692781949962 3.7136274872756587 24
1692782001567 3.712413795982919 25
1692782053196 3.704013399961518 26
1692782104296 3.7029310796318984 27
1692782155907 3.703442143005075 28
1692782207583 3.6960224925893024 29
1692782258869 3.6973449524166515 30
1692782310375 3.703482877860949 31
1692782361844 3.7060520637326126 32
1692782412748 3.708009177882497 33
1692782465018 3.6830370771712153 34
1692782516704 3.6986493659250943 35
1692782568218 3.697836230102095 36
1692782619783 3.6963641655097885 37
1692782671106 3.7078325853115173 38
1692782847014 3.706288386554253 39
1692782897843 3.693681516114948 40
1692782950015 3.6957282244580463 41
1692783002049 3.692774912686024 42
1692783053904 3.6939931876451064 43
1692783106223 3.6931797636365427 44
1692783157853 3.7023793185629494 45
1692783209469 3.684921390254323 46
1692783261167 3.69966323782758 47
1692783312599 3.6915636120490656 48
1692783363903 3.713650536303427 49
1692783415199 3.700984778357487 50
1692783466584 3.6953719906690643 51
1692783518512 3.6957142260016465 52
1692783569923 3.6897762147391715 53
1692783622327 3.6895230238877454 54
1692783673830 3.6893757820129394 55
1692783725208 3.691553697353456 56
1692783777577 3.679539017306948 57
1692783829253 3.6838220265305157 58
1692783880957 3.7051314947081777 59
1692783932527 3.6821606612787012 60
1692783984042 3.6878599155239944 61
1692784035554 3.6885733488129406 62
1692784087572 3.673586648644753 63
1692784139470 3.682174169901505 64
1692784191112 3.693222367472765 65
1692784242700 3.6833612395495905 66
1692784294637 3.692111367132606 67
1692784346186 3.675679223130389 68
1692784398071 3.683397958336807 69
1692784449817 3.6810892326075857 70
1692784501735 3.6836048723424524 71
1692784553404 3.6940868877783055 72
1692784605191 3.686436726407307 73
1692784656378 3.680435338834437 74
1692784708222 3.671827446542135 75
1692784760069 3.69563343466782 76
1692784811448 3.6795153303844175 77
1692784863170 3.6938899330976533 78
1692785083024 3.6794050972636154 79
1692785132550 3.675458023024768 80
1692785183728 3.6771046040104887 81
1692785234920 3.68315768475626 82
1692785286544 3.690518067522747 83
1692785338220 3.6925621870087415 84
1692785389731 3.676376390457153 85
1692785441237 3.67560723002364 86
1692785492985 3.684266220651022 87
1692785544269 3.6704470250664687 88
1692785596158 3.680010158259694 89
1692785647380 3.6757937524376847 90
1692785698548 3.6662147998809815 91
1692785750374 3.6765578357184805 92
1692785801490 3.6695602335580966 93
1692785853575 3.6639801616807586 94
1692785905504 3.672083304345029 95
1692785957444 3.6614109381888675 96
1692786009009 3.650349005912114 97
1692786060518 3.676901970840082 98
1692786112087 3.6729011291410867 99
1692786163653 3.6861660118196524 100
1692786214999 3.67853700764039 101
1692786266714 3.6672193201576793 102
1692786318519 3.660463900242037 103
1692786370026 3.672384887788354 104
1692786421435 3.6662725169484207 105
1692786472942 3.6644097723611972 106
1692786524596 3.6653657448001025 107
1692786576047 3.66151001278947 108
1692786628132 3.672655684773515 109
1692786679416 3.6669163541096013 110
1692786731351 3.6521005213839337 111
1692786782947 3.663302110462654 112
1692786834291 3.6556048044344274 113
1692786885900 3.6642091320782173 114
1692786937465 3.652336118279434 115
1692786988791 3.6564008468534888 116
1692787040199 3.6590705127250858 117
1692787092331 3.6577040593600967 118
1692787265183 3.6595716418571844 119
1692787315232 3.6658636296667706 120
1692787366689 3.657780447238829 121
1692787417998 3.6638208866119384 122
1692787469980 3.6513933406292813 123
1692787521377 3.6615226966578787 124
1692787572788 3.65940708067359 125
1692787624142 3.6599387064212707 126
1692787676216 3.6489098048904567 127
1692787727837 3.6492400956385342 128
1692787779442 3.6409670322844128 129
