1692780717878 1.0226234883359335 0
1692780769007 0.4485572972199292 1
1692780820577 0.35655911187234435 2
1692780871687 0.33566909417873475 3
1692780922739 0.3371622318901667 4
1692780974258 0.3318935852588677 5
1692781025376 0.33286340483805027 6
1692781076835 0.3189112753402896 7
1692781128190 0.32314329354501353 8
1692781179298 0.32721176401871005 9
1692781231090 0.32550461608374004 10
1692781282569 0.3204046983669684 11
1692781334214 0.3233684497587021 12
1692781385741 0.3318265429720646 13
1692781436688 0.325218576956086 14
1692781488179 0.3241009473073773 15
1692781539398 0.3208125008315575 16
1692781590755 0.3223731973687711 17
1692781641960 0.31939580585898425 18
1692781693338 0.3206034491701824 19
1692781744651 0.3195784262040766 20
1692781795738 0.32785256837562815 21
1692781847327 0.32329759457446994 22
1692781898702 0.320401478831361 23
1692781949962 0.3279878669032236 24
1692782001567 0.32202239183754455 25
1692782053196 0.3135056431882265 26
1692782104296 0.3215664570651403 27
1692782155907 0.31704944865868506 28
1692782207583 0.32321276132342885 29
1692782258869 0.31260250425599156 30
1692782310375 0.3235289726080825 31
1692782361844 0.32524732911005255 32
1692782412748 0.32424332703032144 33
1692782465018 0.31779746956007493 34
1692782516704 0.3264004912552903 35
1692782568218 0.33196016618059676 36
1692782619783 0.31619629424824874 37
1692782671106 0.321205071995898 38
1692782847014 0.32567494075472764 39
1692782897843 0.32780721478019526 40
1692782950015 0.3266911446614173 41
1692783002049 0.3155424695064142 42
1692783053904 0.3170062465213456 43
1692783106223 0.32264665069365966 44
1692783157853 0.328219158111549 45
1692783209469 0.3105089290476427 46
1692783261167 0.3232810330100176 47
1692783312599 0.33114896555548734 48
1692783363903 0.33390081151589457 49
1692783415199 0.32376612945660654 50
1692783466584 0.32492488008446807 51
1692783518512 0.3181325178865979 52
1692783569923 0.3120472398836438 53
1692783622327 0.32558969742826466 54
1692783673830 0.31594967758510173 55
1692783725208 0.32862061356625905 56
1692783777577 0.3122209615788413 57
1692783829253 0.3152097610449328 58
1692783880957 0.34465300324486525 59
1692783932527 0.3177974118328676 60
1692783984042 0.31844141127132786 61
1692784035554 0.32680824704286526 62
1692784087572 0.3232375081375386 63
1692784139470 0.31733512921819407 64
1692784191112 0.3250441659514497 65
1692784242700 0.3134899772885369 66
1692784294637 0.3271792941704029 67
1692784346186 0.3136073975846535 68
1692784398071 0.32416358004982876 69
1692784449817 0.3177554030425665 70
1692784501735 0.31785498318958627 71
1692784553404 0.32352671897629415 72
1692784605191 0.31319822320123997 73
1692784656378 0.3146737714729658 74
1692784708222 0.3211830797900514 75
1692784760069 0.335271602887206 76
1692784811448 0.3257297557119916 77
1692784863170 0.32341046471421314 78
1692785083024 0.31608291866212357 79
1692785132550 0.31164885784794644 80
1692785183728 0.31067642680935414 81
1692785234920 0.32370274643614594 82
1692785286544 0.3270367207323633 83
1692785338220 0.3190147277967232 84
1692785389731 0.327529542729622 85
1692785441237 0.32081560997701275 86
1692785492985 0.3190311443878383 87
1692785544269 0.3159011032341457 88
1692785596158 0.3233896839909437 89
1692785647380 0.3115062184268382 90
1692785698548 0.31215672318528337 91
1692785750374 0.3347113482835816 92
1692785801490 0.31930732694340913 93
1692785853575 0.31685187897274214 94
1692785905504 0.32988412573354914 95
1692785957444 0.31586222482610093 96
1692786009009 0.3069317695476766 97
1692786060518 0.31159069094716046 98
1692786112087 0.32424662640181984 99
1692786163653 0.32382857571264695 100
1692786214999 0.3142304524560185 101
1692786266714 0.3217866127810827 102
1692786318519 0.32301368397995106 103
1692786370026 0.3270850784531454 104
1692786421435 0.3242439401949324 105
1692786472942 0.3136600540905464 106
1692786524596 0.3152429971389654 107
1692786576047 0.31876471725905814 108
1692786628132 0.31638877940614046 109
1692786679416 0.31016782038822405 110
1692786731351 0.31337368054297365 111
1692786782947 0.3213325420894274 112
1692786834291 0.30762911355350075 113
1692786885900 0.3195189126017617 114
1692786937465 0.3105819426295234 115
1692786988791 0.3161352079452538 116
1692787040199 0.311246474050894 117
1692787092331 0.31936475410334114 118
1692787265183 0.3175626671646984 119
1692787315232 0.32250290069638227 120
1692787366689 0.312803891410188 121
1692787417998 0.32341313827328566 122
1692787469980 0.3118564249242394 123
1692787521377 0.32453612732451137 124
1692787572788 0.31527790587122845 125
1692787624142 0.3140598906612978 126
1692787676216 0.32136126459368225 127
1692787727837 0.3126025345646641 128
1692787779442 0.30827765763529297 129
