1692780717878 0.8909626250128144 0
1692780769007 0.43428837620083566 1
1692780820577 0.25041592518970807 2
1692780871687 0.15641218483357167 3
1692780922739 0.10281060793232627 4
1692780974258 0.07079333248661786 5
1692781025376 0.05063918278348155 6
1692781076835 0.03734042746378336 7
1692781128190 0.02838848044800504 8
1692781179298 0.02214793896915891 9
1692781231090 0.017588504683904493 10
1692781282569 0.014343652762337 11
1692781334214 0.011945498354497899 12
1692781385741 0.010170786450730591 13
1692781436688 0.008735436854157142 14
1692781488179 0.007650625173047912 15
1692781539398 0.006774015070461646 16
1692781590755 0.006071252870436722 17
1692781641960 0.005535287812079598 18
1692781693338 0.0050936573639330344 19
1692781744651 0.004713535272493595 20
1692781795738 0.004399743739788125 21
1692781847327 0.004134270333169589 22
1692781898702 0.003928990433810324 23
1692781949962 0.0037524920922317882 24
1692782001567 0.0035877507770570314 25
1692782053196 0.0034444966103609016 26
1692782104296 0.0033467311457526395 27
1692782155907 0.003240084609025818 28
1692782207583 0.0031434362245615103 29
1692782258869 0.0030781282733637586 30
1692782310375 0.0030312862561436968 31
1692782361844 0.0029623152495066567 32
1692782412748 0.0029302495838392797 33
1692782465018 0.0028722280195513784 34
1692782516704 0.0028357287412238063 35
1692782568218 0.0028105192632387273 36
1692782619783 0.002767295660270215 37
1692782671106 0.002750532884468756 38
1692782847014 0.0027292863840646135 39
1692782897843 0.0027006565236025355 40
1692782950015 0.002690901829481342 41
1692783002049 0.002664334085335937 42
1692783053904 0.002651980074429975 43
1692783106223 0.0026514033065855648 44
1692783157853 0.002630007906430742 45
1692783209469 0.002607285937794098 46
1692783261167 0.0026231410924526977 47
1692783312599 0.0026079504637644417 48
1692783363903 0.0025965936685108815 49
1692783415199 0.002584136543138062 50
1692783466584 0.0025860212527488062 51
1692783518512 0.0025782076675990007 52
1692783569923 0.0025770126058288463 53
1692783622327 0.0025767254658965663 54
1692783673830 0.002561433640558545 55
1692783725208 0.0025638721065550318 56
1692783777577 0.002548167315872332 57
1692783829253 0.0025637587464586334 58
1692783880957 0.002565992633789414 59
1692783932527 0.002532523719412161 60
1692783984042 0.0025423891081406574 61
1692784035554 0.0025498471007023645 62
1692784087572 0.0025421626689545447 63
1692784139470 0.0025514672935298345 64
1692784191112 0.002538485296933753 65
1692784242700 0.002536911837665773 66
1692784294637 0.0025585553949562514 67
1692784346186 0.002533749565936443 68
1692784398071 0.002532725741450743 69
1692784449817 0.002532440782865373 70
1692784501735 0.0025398216348195683 71
1692784553404 0.0025497239423779455 72
1692784605191 0.0025318536384985216 73
1692784656378 0.002540765492608998 74
1692784708222 0.002522818716924365 75
1692784760069 0.002552815293893218 76
1692784811448 0.0025224729259384843 77
1692784863170 0.0025414281467929845 78
1692785083024 0.00252926375762355 79
1692785132550 0.0025242277659566666 80
1692785183728 0.0025097367219060807 81
1692785234920 0.002522710293038365 82
1692785286544 0.0025388036127679233 83
1692785338220 0.002527944028104951 84
1692785389731 0.0025229745680784305 85
1692785441237 0.002532802197355323 86
1692785492985 0.002530660816445583 87
1692785544269 0.002524932933880425 88
1692785596158 0.0025419625260571883 89
1692785647380 0.002528122469510247 90
1692785698548 0.0025209419997181833 91
1692785750374 0.002526509130328167 92
1692785801490 0.00252165397651857 93
1692785853575 0.002520667755234878 94
1692785905504 0.002536032696986951 95
1692785957444 0.0025265069703291195 96
1692786009009 0.0024999446626662197 97
1692786060518 0.002531628625285698 98
1692786112087 0.0025314309486619583 99
1692786163653 0.002535152836821462 100
1692786214999 0.002530600251310377 101
1692786266714 0.0025095191750130275 102
1692786318519 0.0025231886465210936 103
1692786370026 0.002530931992592608 104
1692786421435 0.002504687299724759 105
1692786472942 0.0025094122001219814 106
1692786524596 0.0025206427884901443 107
1692786576047 0.0025140391844438344 108
1692786628132 0.002527111146326472 109
1692786679416 0.0025184840974738685 110
1692786731351 0.002519993576022245 111
1692786782947 0.0025072855284301245 112
1692786834291 0.0025137795339815502 113
1692786885900 0.0025214959299418986 114
1692786937465 0.0025080727629090954 115
1692786988791 0.002508930328143079 116
1692787040199 0.0025115521579253965 117
1692787092331 0.00253087023919611 118
1692787265183 0.002528613195890217 119
1692787315232 0.00253149922596427 120
1692787366689 0.0025212399763759317 121
1692787417998 0.002524445546654666 122
1692787469980 0.002530446021763373 123
1692787521377 0.002521595489460884 124
1692787572788 0.002535823171549454 125
1692787624142 0.002525462022778101 126
1692787676216 0.0025331666817418434 127
1692787727837 0.0025242320623574325 128
1692787779442 0.002508579569109218 129
